Idade <- 30

30 >= 18 ? Verdadeiro